184 355
100 193
101 215
103 237
107 259
110 280
118 298
128 318
142 337
160 350
265 196
263 218
259 242
255 263
250 283
243 302
236 319
224 337
208 350
143 198
143 192
124 194
133 196
152 197
143 191
163 196
143 185
133 187
154 187
111 179
125 174
140 172
155 172
170 172
122 163
139 159
156 160
148 288
181 308
165 292
157 298
167 306
201 293
209 299
196 306
183 295
218 289
183 293
175 281
160 284
167 292
192 282
206 284
201 292
183 283
174 195
165 235
170 261
185 263
196 195
202 236
200 261
156 252
211 253
184 248
226 199
226 194
206 196
215 198
236 198
226 192
243 196
226 187
216 188
236 190
202 171
219 173
234 174
247 177
257 184
218 161
234 160
251 167
184 236
184 221
184 209
0 0
185 0
374 0
0 247
374 247
0 499
185 499
374 499
23 374
337 383
91 225
276 226