183 351
100 203
103 224
105 246
107 266
112 285
120 300
131 317
144 334
161 346
263 207
261 227
257 250
254 270
249 287
240 303
233 318
220 334
206 347
142 208
142 202
124 203
132 206
151 207
142 200
161 207
143 195
133 198
153 198
109 191
124 188
140 186
155 186
171 187
122 176
140 174
156 175
150 292
181 310
166 296
159 301
168 308
201 297
208 302
195 308
182 299
217 293
183 297
175 288
161 290
167 296
191 289
205 291
200 296
183 290
172 205
164 247
169 269
184 272
194 206
201 248
199 269
156 260
210 262
184 259
224 209
224 204
206 207
214 208
234 208
224 202
241 206
224 197
215 199
234 200
198 185
216 186
232 187
246 190
257 197
216 174
232 174
249 180
184 249
184 234
184 219
0 0
185 0
374 0
0 247
374 247
0 499
185 499
374 499
24 366
333 366
92 233
273 233