180 370
83 200
87 222
93 246
97 268
102 290
112 309
123 330
137 349
155 365
273 199
270 222
264 247
259 269
253 290
244 309
233 328
222 347
207 363
132 207
132 199
111 199
120 204
143 206
132 197
154 204
133 190
121 192
144 194
94 186
109 183
128 182
145 183
160 183
107 171
127 169
145 172
139 303
180 328
161 310
150 314
163 325
199 309
209 312
194 324
180 314
217 302
180 313
170 301
154 304
161 309
190 301
204 301
200 310
180 304
167 201
158 253
163 280
180 285
192 202
200 251
198 279
148 269
210 270
180 272
227 206
226 198
203 204
214 205
238 203
225 196
246 199
226 190
214 193
237 192
198 182
218 182
234 181
251 182
262 186
216 171
234 168
252 171
180 257
180 239
180 219
0 0
185 0
374 0
0 247
374 247
0 499
185 499
374 499
19 367
341 374
91 207
290 212