194 372
104 201
104 224
106 247
110 270
114 293
122 314
133 336
148 355
168 368
283 199
282 223
280 249
277 271
271 294
264 317
253 336
239 354
220 367
150 206
150 199
131 201
140 204
161 204
151 198
171 202
150 191
139 193
161 193
117 188
130 182
145 179
161 179
176 179
126 170
143 166
160 168
154 302
190 320
173 303
164 311
176 318
208 304
218 311
204 317
191 305
227 302
191 304
182 291
167 296
175 302
201 292
215 295
209 303
191 294
181 201
172 238
177 266
193 267
205 201
212 238
209 266
163 259
222 260
191 249
237 205
236 199
214 201
225 204
247 204
236 197
255 201
236 191
225 193
247 194
211 178
228 180
244 180
259 182
270 188
227 168
243 166
262 171
191 236
191 224
191 214
0 0
185 0
374 0
0 247
374 247
0 499
185 499
374 499
35 389
341 395
99 223
297 221