182 406
75 219
82 241
88 267
95 290
102 315
112 335
122 360
135 382
152 400
285 216
281 242
272 269
266 293
257 314
248 334
236 356
225 378
213 398
131 228
131 218
108 217
118 224
143 227
132 216
157 224
133 208
119 210
144 212
90 200
107 199
128 200
145 201
161 202
106 186
128 187
145 192
136 336
183 363
162 343
149 347
165 360
202 341
213 345
197 358
183 347
220 335
182 349
171 337
154 339
163 345
193 336
207 335
203 345
182 340
171 221
160 282
165 313
183 319
198 221
205 278
202 311
149 300
214 300
182 306
235 227
233 217
207 224
220 225
248 222
233 215
255 217
233 208
219 212
245 209
205 202
226 201
243 199
260 198
272 200
224 191
242 187
261 187
182 285
182 264
182 239
0 0
185 0
374 0
0 247
374 247
0 499
185 499
374 499
28 371
322 382
72 203
289 207