206 394
104 240
106 261
111 281
116 302
122 321
133 339
146 357
162 376
180 391
300 233
298 255
295 279
294 300
286 321
275 341
261 358
247 374
231 386
152 247
153 239
133 239
141 244
165 245
153 236
176 242
153 231
142 233
164 233
112 228
128 229
145 230
162 231
178 231
128 217
145 220
161 224
163 340
199 362
182 344
174 350
184 360
220 345
228 350
215 359
201 348
238 341
200 348
190 339
176 340
183 344
209 338
224 340
220 343
201 341
185 241
178 287
186 314
201 317
212 240
222 285
216 312
172 307
230 304
199 304
246 244
245 236
223 240
233 243
258 240
244 233
266 236
244 228
234 232
257 229
213 228
233 227
251 226
270 224
285 220
232 219
248 215
269 211
199 295
199 275
199 259
0 0
185 0
374 0
0 247
374 247
0 499
185 499
374 499
36 384
339 373
97 214
316 201