179 335
91 181
93 204
98 225
99 246
103 266
112 283
124 301
139 317
158 330
261 182
260 202
256 225
253 246
249 267
240 285
231 301
220 316
202 329
133 186
133 180
115 181
122 184
143 185
133 178
152 185
133 173
124 175
144 176
98 172
112 167
128 165
145 165
160 164
109 156
127 151
145 153
142 270
177 294
160 277
151 281
162 291
197 277
205 280
192 291
177 281
215 269
179 278
170 266
154 269
160 274
188 267
202 268
197 275
179 268
164 182
157 225
162 248
178 252
187 184
196 224
195 248
148 238
207 240
178 239
220 185
219 179
200 184
209 185
229 184
217 178
237 182
219 173
210 175
229 175
192 163
210 163
226 163
242 166
253 173
209 151
226 150
244 155
178 229
178 214
178 199
0 0
185 0
375 0
0 247
375 247
0 500
185 500
375 500
27 341
352 364
86 211
276 212