203 385
108 218
109 243
110 266
114 288
119 310
128 331
140 352
157 369
176 383
299 213
300 236
299 263
297 286
291 309
281 333
268 352
251 368
230 380
157 224
157 216
138 217
146 222
168 222
158 214
178 218
157 207
145 210
168 210
122 209
134 203
149 200
166 201
183 201
130 190
149 187
165 191
163 319
199 334
182 318
173 327
185 333
215 320
225 326
212 331
198 319
235 319
199 319
189 308
175 313
183 317
209 309
223 313
217 318
199 311
187 218
179 253
184 280
200 280
213 218
221 251
217 280
170 275
232 275
198 261
246 221
245 214
222 218
233 220
257 219
245 212
265 215
244 206
233 209
256 208
215 200
235 200
252 199
270 199
283 205
233 189
250 186
271 188
198 249
198 239
198 229
0 0
185 0
375 0
0 247
375 247
0 500
185 500
375 500
47 396
342 389
108 229
314 223