198 380
101 220
103 241
103 265
108 288
114 310
124 329
137 347
153 363
172 377
294 210
294 233
293 259
291 282
285 305
274 328
260 346
243 362
224 374
151 221
150 216
132 218
140 221
161 219
150 214
171 217
150 210
140 212
160 211
115 208
128 202
143 200
159 201
176 199
123 192
141 188
159 191
152 304
193 330
174 310
162 317
176 328
215 309
226 315
210 326
194 313
237 302
194 307
182 296
166 300
176 307
205 295
221 297
215 306
193 298
180 216
169 249
178 274
193 273
205 215
215 245
209 272
163 268
224 264
192 257
237 217
236 211
215 215
225 216
248 215
236 209
256 212
236 205
225 208
247 207
206 196
226 196
244 194
261 195
275 200
224 185
243 181
262 185
192 249
192 239
192 229
0 0
185 0
374 0
0 247
374 247
0 499
185 499
374 499
39 398
335 387
105 230
308 213