17 95 18
95 17 16
0 92 9
92 0 18
1 96 89
96 1 2
31 35 36
35 31 34
2 22 3
22 2 21
1 89 86
2 1 21
56 22 19
22 56 3
4 96 3
96 4 89
2 3 96
49 39 40
39 49 50
89 4 5
4 3 62
56 19 23
5 94 89
94 5 6
5 4 37
3 56 62
94 6 7
6 5 37
62 37 4
37 62 49
8 94 7
94 8 9
7 6 37
9 41 38
41 9 8
94 92 91
92 94 9
8 7 41
41 39 50
39 41 40
0 9 38
10 90 97
90 10 88
20 19 22
19 20 24
10 97 11
10 11 71
97 13 12
13 97 90
46 15 43
15 46 14
11 12 69
12 11 97
7 37 40
12 13 63
15 90 95
90 15 14
44 16 17
16 44 43
13 14 63
14 13 90
15 95 16
15 16 43
90 93 95
0 38 18
92 95 93
95 92 18
18 38 44
17 18 44
51 58 61
58 51 54
84 60 83
60 84 67
23 24 28
24 23 19
22 27 20
27 22 21
27 21 29
20 27 26
21 1 29
12 65 69
65 12 60
23 28 25
24 20 26
23 25 56
28 24 26
83 64 56
64 83 60
27 31 26
31 27 30
26 31 32
30 27 29
25 28 33
28 26 32
33 28 32
29 86 34
86 29 1
30 29 34
31 30 34
31 36 32
25 33 55
87 36 35
36 87 80
75 73 67
73 75 76
33 32 36
33 36 75
35 34 86
73 76 72
87 35 86
63 52 61
52 63 46
40 37 49
42 44 45
44 42 53
51 42 47
42 51 52
41 45 38
45 41 50
41 7 40
45 44 38
45 50 47
63 14 46
44 53 43
42 45 47
46 43 53
46 53 52
51 47 54
84 25 85
25 84 56
47 48 54
48 47 50
50 49 48
48 49 57
49 62 57
42 52 53
58 48 57
48 58 54
12 63 60
52 51 61
65 60 68
25 55 85
55 33 59
56 57 62
57 56 64
58 57 64
75 67 59
55 59 85
59 33 75
67 84 85
64 61 58
61 64 60
61 60 63
60 67 68
69 66 74
66 69 65
66 65 68
73 70 68
70 73 72
74 66 70
59 67 85
68 70 66
68 67 73
71 11 69
69 74 71
74 70 72
10 71 79
72 76 77
71 74 79
74 72 77
79 74 78
75 36 80
75 80 76
74 77 78
76 80 81
77 76 81
77 81 82
78 77 82
78 82 79
10 79 82
10 82 88
81 80 87
81 87 88
82 81 88
83 56 84
91 89 94
