16 95 17
95 16 15
0 92 9
92 0 18
3 89 2
89 3 4
36 80 75
80 36 87
61 83 60
83 61 64
89 86 96
1 2 89
2 1 21
46 61 63
61 46 52
4 94 89
94 4 5
3 2 22
19 3 22
3 19 56
4 3 56
37 62 57
62 37 5
7 94 6
94 7 8
5 4 62
5 6 94
6 5 37
62 4 56
7 6 37
53 45 51
45 53 44
94 8 91
8 7 40
9 38 0
38 9 41
91 9 92
9 91 8
9 8 41
20 19 22
19 20 23
10 90 11
90 10 97
56 19 23
10 11 71
88 90 97
11 12 69
12 11 90
12 90 13
37 57 49
12 13 60
13 95 14
95 13 90
7 37 40
13 14 63
95 15 14
8 40 41
14 15 46
17 95 18
15 16 46
95 92 18
92 95 93
38 18 0
18 38 44
16 17 43
90 93 95
17 18 44
85 67 60
67 85 59
20 22 27
23 24 28
24 23 20
2 21 22
24 20 27
21 1 29
21 27 22
27 21 30
12 60 65
23 28 25
24 27 26
23 25 84
28 24 26
75 55 33
55 75 59
26 32 28
32 26 31
27 31 26
31 27 30
21 29 30
25 28 33
33 28 32
1 96 29
96 1 89
30 29 34
34 29 96
31 30 35
31 35 36
25 33 55
32 31 36
67 73 68
73 67 75
33 32 36
34 96 86
35 30 34
77 74 72
74 77 78
35 34 87
87 34 86
33 36 75
36 35 87
46 63 14
43 17 44
40 50 41
50 40 39
51 42 53
42 51 52
48 50 39
50 48 47
49 40 37
40 49 39
38 41 47
45 44 47
54 47 48
47 54 45
16 43 46
42 43 53
43 42 52
43 44 53
44 38 47
46 43 52
47 41 50
51 45 54
48 39 49
84 25 85
48 49 57
58 48 57
48 58 54
58 51 54
51 58 61
52 51 61
13 63 60
65 60 68
25 55 85
23 84 56
56 57 62
57 56 64
58 57 64
12 65 69
55 59 85
65 66 69
66 65 68
85 60 84
56 84 83
61 60 63
61 58 64
64 56 83
73 66 68
66 73 70
11 69 71
66 74 69
74 66 70
70 73 72
67 59 75
68 60 67
69 74 71
73 75 76
74 70 72
10 71 79
71 74 78
72 73 76
80 76 75
76 80 77
72 76 77
77 80 81
71 78 79
82 78 81
78 82 79
78 77 81
10 79 97
82 97 79
97 82 88
81 80 87
81 87 82
88 82 87
60 83 84
91 89 94
