16 95 17
95 16 15
0 92 9
92 0 18
1 96 89
96 1 2
31 36 32
36 31 35
61 51 58
51 61 52
1 89 86
2 1 21
47 50 48
50 47 45
3 89 96
89 3 4
2 3 96
3 2 22
56 22 19
22 56 62
89 4 5
4 3 62
62 3 22
5 4 37
37 4 62
5 94 89
94 5 6
6 5 37
46 15 43
15 46 14
94 6 7
7 6 40
39 41 40
41 39 45
8 94 7
94 8 9
8 7 41
9 38 0
38 9 41
94 92 91
92 94 9
9 8 41
56 19 23
20 19 22
19 20 23
10 90 97
90 10 79
37 62 49
10 11 71
11 10 97
6 37 40
11 12 69
12 11 97
97 13 12
13 97 90
42 44 45
44 42 43
12 13 63
88 90 79
40 37 39
13 14 46
14 13 90
14 95 15
95 14 90
44 16 17
16 44 43
17 95 18
15 16 43
90 93 95
38 18 0
18 38 44
92 95 93
95 92 18
17 18 44
23 20 28
22 2 21
23 28 25
22 27 20
27 22 21
27 21 29
20 27 26
21 1 29
60 69 12
69 60 65
63 46 52
46 63 13
23 25 56
28 20 26
84 56 85
56 84 83
27 31 26
31 27 30
26 31 32
30 27 29
25 28 55
28 26 32
28 32 33
29 86 34
86 29 1
30 29 34
28 33 55
31 30 34
35 31 34
33 75 59
75 33 36
73 76 72
76 73 75
33 32 36
87 35 34
35 87 36
34 86 87
36 80 75
80 36 87
85 56 25
46 43 53
41 7 40
41 45 38
39 37 49
53 47 51
47 53 42
45 44 38
45 47 42
43 42 53
45 39 50
46 53 52
63 52 61
51 47 54
49 62 57
47 48 54
39 49 50
48 49 57
49 48 50
58 54 48
54 58 51
84 60 83
60 84 85
51 52 53
12 63 60
33 59 55
25 55 85
58 48 57
56 57 62
57 56 64
58 57 64
65 60 68
55 59 85
73 59 75
59 73 67
64 61 58
61 64 63
60 85 67
63 64 60
60 64 83
64 56 83
60 67 68
11 69 71
65 66 69
66 65 70
72 70 73
70 72 66
69 74 71
74 69 66
59 67 85
68 70 65
70 68 73
68 67 73
74 66 72
10 71 79
72 76 77
71 74 78
74 72 77
78 74 77
77 81 82
81 77 80
76 75 80
76 80 77
71 78 79
78 77 82
79 78 82
80 87 81
81 87 88
79 82 88
82 81 88
91 89 94
