179 352
91 180
92 204
95 227
97 251
101 273
110 294
121 314
137 333
156 347
266 181
265 204
261 229
258 252
253 275
245 295
234 313
222 331
206 346
136 184
136 178
117 180
126 182
147 183
136 177
157 183
136 171
126 173
148 174
102 166
117 160
132 157
149 158
163 156
114 149
131 144
149 146
138 275
179 305
158 285
148 290
160 301
200 285
209 288
196 301
179 290
219 275
181 280
171 268
152 271
159 277
190 269
206 271
200 278
181 270
168 181
160 222
164 249
181 254
192 182
201 223
198 250
150 238
210 240
181 238
224 184
224 178
204 182
214 183
234 183
222 178
242 182
224 172
213 174
234 175
200 156
217 158
232 159
247 161
258 167
217 145
232 145
249 150
181 226
181 211
181 199
0 0
185 0
374 0
0 247
374 247
0 499
185 499
374 499
25 362
347 381
84 210
279 216