185 359
100 184
100 206
102 228
107 253
109 276
116 297
126 320
140 341
160 354
267 186
265 210
261 235
257 257
252 279
247 301
239 321
228 340
211 354
144 188
144 182
125 185
134 187
154 187
145 182
165 186
144 175
134 177
155 177
113 167
126 161
141 159
156 158
169 157
123 151
138 145
156 146
146 285
182 307
164 289
156 296
167 304
201 289
211 296
197 304
184 292
220 286
184 290
175 275
159 279
167 288
194 275
208 278
202 289
184 277
176 185
166 224
171 253
186 254
198 185
204 225
201 253
156 244
213 245
185 237
228 190
228 184
207 185
217 188
238 189
228 183
245 187
228 177
218 178
238 180
207 157
222 160
236 162
249 165
258 171
221 148
237 147
253 154
185 224
185 209
