189 374
96 199
97 222
98 247
102 272
107 295
116 317
128 337
144 356
163 371
282 195
282 219
280 246
277 270
271 294
262 317
249 336
234 354
217 369
145 201
145 196
126 198
135 201
156 200
145 195
166 199
145 190
134 192
156 191
110 184
125 178
140 175
156 176
171 174
121 167
138 163
156 165
143 292
187 323
165 302
153 308
167 319
209 301
220 306
205 318
187 306
230 291
188 294
177 283
158 287
167 293
199 283
216 285
209 293
188 285
176 198
166 234
172 262
188 264
201 198
210 233
205 262
157 253
219 252
188 247
233 200
232 194
211 198
222 199
243 199
232 193
252 197
232 188
221 190
243 191
207 172
225 174
241 174
257 176
269 181
224 162
241 160
258 165
188 236
188 224
188 214
0 0
185 0
374 0
0 247
374 247
0 499
185 499
374 499
31 390
338 393
94 219
295 216