180 369
91 179
91 204
93 229
96 257
100 281
108 305
119 328
135 350
155 365
271 181
271 206
267 234
264 258
258 284
250 306
238 326
225 347
210 364
140 182
140 176
120 179
130 181
152 182
140 176
162 181
140 170
129 172
152 172
106 160
122 154
137 150
153 152
166 149
119 142
135 138
153 139
135 280
181 317
156 294
145 299
159 311
204 294
214 297
200 311
181 300
224 281
183 282
172 271
151 274
159 280
193 271
211 274
204 281
183 272
173 180
163 220
167 251
184 256
198 181
206 222
201 252
152 238
214 241
184 238
229 184
229 178
208 181
219 182
239 183
228 178
248 182
229 172
217 173
239 175
209 149
224 153
238 155
253 157
263 162
225 140
239 140
254 146
184 224
184 209
