194 400
89 229
94 251
99 274
105 296
112 318
122 337
134 358
148 379
166 395
292 224
289 248
283 274
280 296
271 317
261 337
248 357
236 376
222 392
141 237
142 228
120 228
129 234
154 236
142 226
166 233
143 219
130 221
154 222
101 214
117 214
136 215
153 216
169 216
117 201
136 203
153 208
149 338
191 362
172 343
161 348
174 360
211 343
220 347
206 358
192 347
229 338
191 348
180 338
165 339
173 344
201 337
215 337
211 344
191 340
178 231
169 284
175 313
192 318
205 230
213 281
209 311
160 303
222 302
190 305
240 235
239 226
215 232
226 234
253 231
238 224
260 226
238 218
226 222
251 219
209 215
229 214
247 212
265 211
278 210
228 205
245 201
265 199
190 290
190 269
190 249
0 0
185 0
374 0
0 247
374 247
0 499
185 499
374 499
32 377
330 377
84 208
302 204