16 18 17
37 81 76
81 37 36
62 84 61
84 62 65
2 3 4
3 2 22
47 62 64
62 47 53
4 3 23
20 4 23
4 20 57
4 5 6
5 4 57
38 63 58
63 38 6
6 5 63
6 7 8
7 6 38
63 5 57
8 7 38
54 46 52
46 54 45
9 8 41
10 39 1
39 10 42
10 9 42
21 20 23
20 21 24
57 20 24
11 12 72
12 13 70
13 12 14
38 58 50
13 14 61
8 38 41
14 15 64
9 41 42
15 16 47
16 17 47
39 19 1
19 39 45
17 18 44
18 19 45
85 60 68
60 85 56
21 23 28
24 25 29
25 24 21
3 22 23
25 21 28
22 2 30
22 28 23
28 22 31
13 61 66
24 29 26
25 28 27
24 26 85
29 25 27
76 56 34
56 76 60
27 33 29
33 27 32
28 32 27
32 28 31
22 30 31
26 29 34
34 29 33
31 30 35
32 31 36
32 36 37
26 34 56
33 32 37
68 74 69
74 68 76
34 33 37
36 31 35
78 75 73
75 78 79
36 35 82
34 37 76
47 64 15
44 18 45
41 51 42
51 41 40
52 43 54
43 52 53
49 51 40
51 49 48
50 41 38
41 50 40
39 42 48
46 45 48
55 48 49
48 55 46
17 44 47
43 44 54
44 43 53
44 45 54
45 39 48
47 44 53
48 42 51
52 46 55
49 40 50
85 26 56
49 50 58
59 49 58
49 59 55
59 52 55
52 59 62
53 52 62
14 64 61
66 61 69
24 85 57
57 58 63
58 57 65
59 58 65
13 66 70
66 67 70
67 66 69
85 68 61
57 85 84
62 61 64
62 59 65
65 57 84
74 67 69
67 74 71
12 70 72
67 75 70
75 67 71
71 74 73
68 60 76
69 61 68
70 75 72
74 76 77
75 71 73
11 72 80
72 75 79
73 74 77
81 77 76
77 81 78
73 77 78
78 81 82
72 79 80
83 79 82
79 83 80
79 78 82
36 82 81
61 84 85
