32 36 37
36 32 35
3 23 4
23 3 22
3 2 22
57 23 20
23 57 4
50 40 41
40 50 51
6 4 5
5 4 63
57 20 24
6 5 38
4 57 63
7 6 38
63 38 5
38 63 50
8 7 38
10 42 39
42 10 9
9 8 42
42 40 51
40 42 41
1 10 39
21 20 23
20 21 25
11 12 72
47 16 44
16 47 15
12 13 70
8 38 41
13 14 64
45 17 18
17 45 44
14 15 64
16 17 44
1 39 19
19 39 45
18 19 45
52 59 62
59 52 55
85 61 84
61 85 68
24 25 29
25 24 20
23 28 21
28 23 22
28 22 30
21 28 27
22 2 30
13 66 70
66 13 61
24 29 26
25 21 27
24 26 57
29 25 27
84 65 57
65 84 61
28 32 27
32 28 31
27 32 33
31 28 30
26 29 34
29 27 33
34 29 33
2 35 30
31 30 35
32 31 35
32 37 33
26 34 56
37 82 81
82 37 36
76 74 68
74 76 77
34 33 37
34 37 76
74 77 73
64 53 62
53 64 47
41 38 50
43 45 46
45 43 54
52 43 48
43 52 53
42 46 39
46 42 51
42 8 41
46 45 39
46 51 48
64 15 47
45 54 44
43 46 48
47 44 54
47 54 53
52 48 55
85 26 56
26 85 57
48 49 55
49 48 51
51 50 49
49 50 58
50 63 58
43 53 54
59 49 58
49 59 55
13 64 61
53 52 62
66 61 69
56 34 60
57 58 63
58 57 65
59 58 65
76 68 60
56 60 85
60 34 76
68 85 60
65 62 59
62 65 61
62 61 64
61 68 69
70 67 75
67 70 66
67 66 69
74 71 69
71 74 73
75 67 71
69 71 67
69 68 74
72 12 70
70 75 72
75 71 73
11 72 80
73 77 78
72 75 80
75 73 78
80 75 79
76 37 81
76 81 77
75 78 79
77 81 82
78 77 82
78 82 83
79 78 83
79 83 80
11 80 83
84 57 85
