32 37 33
37 32 36
62 52 59
52 62 53
3 2 22
48 51 49
51 48 46
4 3 23
57 23 20
23 57 63
5 4 63
63 4 23
6 5 38
38 5 63
7 6 38
47 16 44
16 47 15
8 7 41
40 42 41
42 40 46
9 8 42
10 39 1
39 10 42
10 9 42
57 20 24
21 25 20 23
20 21 25 24
38 63 50
11 12 72
7 38 41
12 13 70
43 45 46
45 43 44
13 14 64
41 38 40
14 15 47
45 17 18
17 45 44
16 17 44
39 19 1
19 39 45
18 19 45
24 21 25 29
23 3 22
24 29 26
23 28 21 25
28 23 22
28 22 30
21 25 28 27
22 2 30
61 70 13
70 61 66
64 47 53
47 64 14
24 26 57
29 21 25 27
85 57 26
57 85 84
28 32 27
32 28 31
27 32 33
31 28 30
26 29 56
29 27 33
29 33 34
2 35 30
31 30 35
29 34 56
32 31 35
36 32 35
34 76 60
76 34 37
74 77 73
77 74 76
34 33 37
36 81 37
37 81 76
85 26 56
47 44 54
42 8 41
42 46 39
40 38 50
54 48 52
48 54 43
46 45 39
46 48 43
44 43 54
46 40 51
47 54 53
64 53 62
52 48 55
50 63 58
48 49 55
40 50 51
49 50 58
50 49 51
59 55 49
55 59 52
85 61 84
61 85 68
52 53 54
13 64 61
34 60 56
59 49 58
57 58 63
58 57 65
59 58 65
66 61 69
56 60 85
74 60 76
60 74 68
65 62 59
62 65 64
68 85 60
64 65 61
61 65 84
65 57 84
61 68 69
12 70 72
66 67 70
67 66 71
73 71 74
71 73 67
70 75 72
75 70 67
69 71 66
71 69 74
69 68 74
75 67 73
11 72 80
73 77 78
72 75 79
75 73 78
79 75 78
78 82 83
82 78 81
77 76 81
77 81 78
72 79 80
79 78 83
80 79 83
